k=54
x = 0.9234
   -0.8482
    0.7750
   -0.7044
    0.6368
   -0.5727
    0.5123
   -0.4558
    0.4035
   -0.3553
    0.3112
   -0.2712
    0.2352
   -0.2029
    0.1742
   -0.1488
    0.1265
   -0.1070
    0.0901
   -0.0755
    0.0630
   -0.0523
    0.0433
   -0.0356
    0.0292
   -0.0238
    0.0193
   -0.0156
    0.0126
   -0.0101
    0.0081
   -0.0064
    0.0051
   -0.0040
    0.0032
   -0.0025
    0.0019
   -0.0015
    0.0012
   -0.0009
    0.0007
   -0.0005
    0.0004
   -0.0003
    0.0002
   -0.0002
    0.0001
   -0.0001
    0.0001
   -0.0001
    0.0000
   -0.0000
    0.0000
   -0.0000
    0.0000
   -0.0000
    0.0000
   -0.0000
    0.0000
   -0.0000
    0.0000
   -0.0000
    0.0000
   -0.0000
    0.0000
   -0.0000
    0.0001
   -0.0001
    0.0002
   -0.0004
    0.0006
   -0.0011
    0.0017
   -0.0026
    0.0040
   -0.0060
    0.0088
   -0.0127
    0.0178
   -0.0246
    0.0334
   -0.0446
    0.0586
   -0.0758
    0.0966
   -0.1214
    0.1505
   -0.1843
    0.2229
   -0.2664
    0.3149
   -0.3682
    0.4262
   -0.4884
    0.5546
   -0.6241
    0.6965
   -0.7709
    0.8468
   -0.9234
SOR
k = 55
x = 0.9380
   -0.8770
    0.8172
   -0.7590
    0.7025
   -0.6482
    0.5960
   -0.5463
    0.4991
   -0.4544
    0.4125
   -0.3732
    0.3366
   -0.3026
    0.2713
   -0.2424
    0.2159
   -0.1918
    0.1698
   -0.1500
    0.1320
   -0.1159
    0.1014
   -0.0886
    0.0771
   -0.0669
    0.0579
   -0.0500
    0.0431
   -0.0370
    0.0317
   -0.0271
    0.0231
   -0.0196
    0.0167
   -0.0141
    0.0119
   -0.0100
    0.0084
   -0.0071
    0.0059
   -0.0049
    0.0041
   -0.0034
    0.0028
   -0.0023
    0.0019
   -0.0016
    0.0013
   -0.0011
    0.0009
   -0.0007
    0.0006
   -0.0005
    0.0004
   -0.0003
    0.0003
   -0.0002
    0.0002
   -0.0002
    0.0002
   -0.0002
    0.0003
   -0.0004
    0.0005
   -0.0008
    0.0013
   -0.0019
    0.0028
   -0.0041
    0.0058
   -0.0082
    0.0112
   -0.0152
    0.0202
   -0.0266
    0.0345
   -0.0441
    0.0557
   -0.0696
    0.0858
   -0.1048
    0.1266
   -0.1515
    0.1796
   -0.2109
    0.2455
   -0.2835
    0.3248
   -0.3693
    0.4168
   -0.4672
    0.5202
   -0.5756
    0.6330
   -0.6921
    0.7525
   -0.8139
    0.8759
   -0.9380