k=97
0.9196
   -0.8392
    0.7620
   -0.6849
    0.6137
   -0.5426
    0.4797
   -0.4168
    0.3634
   -0.3099
    0.2664
   -0.2229
    0.1888
   -0.1548
    0.1293
   -0.1038
    0.0854
   -0.0671
    0.0544
   -0.0417
    0.0334
   -0.0250
    0.0197
   -0.0144
    0.0112
   -0.0080
    0.0061
   -0.0042
    0.0032
   -0.0022
    0.0016
   -0.0010
    0.0008
   -0.0005
    0.0004
   -0.0002
    0.0002
   -0.0001
    0.0001
   -0.0000
    0.0000
   -0.0000
    0.0000
   -0.0000
    0.0000
   -0.0000
    0.0000
   -0.0000
    0.0000
   -0.0000
    0.0000
   -0.0000
    0.0000
   -0.0000
    0.0000
   -0.0000
    0.0000
   -0.0000
    0.0000
   -0.0000
    0.0000
   -0.0001
    0.0001
   -0.0002
    0.0002
   -0.0004
    0.0005
   -0.0008
    0.0010
   -0.0016
    0.0022
   -0.0032
    0.0042
   -0.0061
    0.0080
   -0.0112
    0.0144
   -0.0197
    0.0250
   -0.0334
    0.0417
   -0.0544
    0.0671
   -0.0854
    0.1038
   -0.1293
    0.1548
   -0.1888
    0.2229
   -0.2664
    0.3099
   -0.3634
    0.4168
   -0.4797
    0.5426
   -0.6137
    0.6849
   -0.7620
    0.8392
   -0.9196

backword error=
0
   -0.0032
         0
   -0.0061
    0.0000
   -0.0082
         0
   -0.0095
         0
   -0.0099
   -0.0000
   -0.0095
         0
   -0.0085
    0.0000
   -0.0072
         0
   -0.0057
    0.0000
   -0.0043
    0.0000
   -0.0031
    0.0000
   -0.0021
    0.0000
   -0.0013
    0.0000
   -0.0008
    0.0000
   -0.0005
    0.0000
   -0.0003
    0.0000
   -0.0001
    0.0000
   -0.0001
    0.0000
   -0.0000
    0.0000
   -0.0000
    0.0000
   -0.0000
    0.0000
   -0.0000
    0.0000
   -0.0000
    0.0000
   -0.0000
    0.0000
   -0.0000
    0.0000
   -0.0000
    0.0000
   -0.0000
    0.0000
   -0.0000
    0.0000
   -0.0000
    0.0000
   -0.0000
    0.0000
   -0.0000
    0.0000
   -0.0000
    0.0001
   -0.0000
    0.0001
   -0.0000
    0.0003
   -0.0000
    0.0005
   -0.0000
    0.0008
   -0.0000
    0.0013
   -0.0000
    0.0021
   -0.0000
    0.0031
   -0.0000
    0.0043
         0
    0.0057
         0
    0.0072
   -0.0000
    0.0085
         0
    0.0095
    0.0000
    0.0099
         0
    0.0095
         0
    0.0082
   -0.0000
    0.0061
         0
    0.0032
         0